(kicad_pcb (version 20171130) (host pcbnew 5.1.5+dfsg1-2build2)

  (general
    (thickness 1.6)
    (drawings 9)
    (tracks 1915)
    (zones 0)
    (modules 134)
    (nets 167)
  )

  (page A4)
  (layers
    (0 Top signal)
    (1 In1.Cu signal)
    (2 In2.Cu signal)
    (31 Bottom signal)
    (32 B.Adhes user)
    (33 F.Adhes user)
    (34 B.Paste user)
    (35 F.Paste user)
    (36 B.SilkS user)
    (37 F.SilkS user)
    (38 B.Mask user)
    (39 F.Mask user)
    (40 Dwgs.User user)
    (41 Cmts.User user)
    (42 Eco1.User user)
    (43 Eco2.User user)
    (44 Edge.Cuts user)
    (45 Margin user)
    (46 B.CrtYd user)
    (47 F.CrtYd user)
    (48 B.Fab user)
    (49 F.Fab user)
  )

  (setup
    (last_trace_width 0.25)
    (user_trace_width 0.2032)
    (user_trace_width 0.249936)
    (user_trace_width 0.254)
    (user_trace_width 0.4064)
    (user_trace_width 0.6096)
    (user_trace_width 0.8128)
    (user_trace_width 1.016)
    (trace_clearance 0.2)
    (zone_clearance 0.508)
    (zone_45_only yes)
    (trace_min 0.2)
    (via_size 0.8)
    (via_drill 0.4)
    (via_min_size 0.4)
    (via_min_drill 0.3)
    (user_via 0.7366 0.381)
    (uvia_size 0.3)
    (uvia_drill 0.1)
    (uvias_allowed no)
    (uvia_min_size 0.2)
    (uvia_min_drill 0.1)
    (edge_width 0.05)
    (segment_width 0.2)
    (pcb_text_width 0.3)
    (pcb_text_size 1.5 1.5)
    (mod_edge_width 0.12)
    (mod_text_size 1 1)
    (mod_text_width 0.15)
    (pad_size 2 2)
    (pad_drill 1)
    (pad_to_mask_clearance 0.051)
    (solder_mask_min_width 0.25)
    (aux_axis_origin 0 0)
    (grid_origin 86.0806 74.4728)
    (visible_elements FFFDFF7F)
    (pcbplotparams
      (layerselection 0x010fc_ffffffff)
      (usegerberextensions false)
      (usegerberattributes false)
      (usegerberadvancedattributes false)
      (creategerberjobfile false)
      (excludeedgelayer true)
      (linewidth 0.100000)
      (plotframeref false)
      (viasonmask false)
      (mode 1)
      (useauxorigin false)
      (hpglpennumber 1)
      (hpglpenspeed 20)
      (hpglpendiameter 15.000000)
      (psnegative false)
      (psa4output false)
      (plotreference true)
      (plotvalue true)
      (plotinvisibletext false)
      (padsonsilk false)
      (subtractmaskfromsilk false)
      (outputformat 1)
      (mirror false)
      (drillshape 1)
      (scaleselection 1)
      (outputdirectory ""))
  )

  (net 0 "")
  (net 1 TX2)
  (net 2 RX2)
  (net 3 GND)
  (net 4 TX3)
  (net 5 RX3)
  (net 6 TX4)
  (net 7 RX4)
  (net 8 TX5)
  (net 9 RX5)
  (net 10 TX6)
  (net 11 RX6)
  (net 12 +3V3)
  (net 13 SDA2)
  (net 14 SCL2)
  (net 15 PM_ALERT)
  (net 16 WD_RESET)
  (net 17 +5V)
  (net 18 SCL1)
  (net 19 SDA1)
  (net 20 "Net-(Q1-Pad3)")
  (net 21 "Net-(JP2-Pad3)")
  (net 22 "Net-(JP3-Pad3)")
  (net 23 "Net-(JP4-Pad2)")
  (net 24 "Net-(JP5-Pad2)")
  (net 25 "Net-(JP6-Pad3)")
  (net 26 +BATT)
  (net 27 "Net-(C5-Pad2)")
  (net 28 "Net-(C5-Pad1)")
  (net 29 "Net-(C6-Pad2)")
  (net 30 "Net-(C6-Pad1)")
  (net 31 "Net-(C7-Pad2)")
  (net 32 "Net-(C8-Pad2)")
  (net 33 "Net-(C9-Pad2)")
  (net 34 "Net-(C9-Pad1)")
  (net 35 "Net-(C10-Pad2)")
  (net 36 "Net-(C10-Pad1)")
  (net 37 "Net-(C11-Pad2)")
  (net 38 "Net-(C12-Pad2)")
  (net 39 "Net-(JP8-Pad2)")
  (net 40 "Net-(JP9-Pad2)")
  (net 41 "Net-(JP10-Pad2)")
  (net 42 "Net-(JP11-Pad2)")
  (net 43 "Net-(JP12-Pad2)")
  (net 44 "Net-(JP13-Pad2)")
  (net 45 /Power/PWRCTL)
  (net 46 "Net-(Q3-Pad4)")
  (net 47 PWRCTL2)
  (net 48 "Net-(Q4-Pad4)")
  (net 49 PWRCTL3)
  (net 50 PWRCTL4B)
  (net 51 PWRCTL4A)
  (net 52 "/External peripherals/PWR4A")
  (net 53 "/External peripherals/PWR4B")
  (net 54 "Net-(Q7-Pad4)")
  (net 55 PWRCTL5)
  (net 56 "Net-(Q8-Pad4)")
  (net 57 PWRCTL6)
  (net 58 "Net-(U3-Pad5)")
  (net 59 SERCTL2)
  (net 60 "Net-(U6-Pad10)")
  (net 61 SERCTL3)
  (net 62 "Net-(JP7-Pad3)")
  (net 63 PPS)
  (net 64 NETAVAIL)
  (net 65 RI)
  (net 66 DCD)
  (net 67 DTR)
  (net 68 RTS)
  (net 69 CTS)
  (net 70 "Net-(U7-Pad10)")
  (net 71 GPIO3B)
  (net 72 GPIO3A)
  (net 73 GPIO5B)
  (net 74 GPIO5A)
  (net 75 "Net-(U8-Pad13)")
  (net 76 "Net-(U8-Pad12)")
  (net 77 "Net-(U8-Pad11)")
  (net 78 "Net-(U8-Pad10)")
  (net 79 "Net-(U8-Pad9)")
  (net 80 "Net-(Q5-Pad4)")
  (net 81 "Net-(Q6-Pad4)")
  (net 82 /Power/VBATT_UNSWITCHED)
  (net 83 +3.3VA)
  (net 84 "Net-(Q2-Pad5)")
  (net 85 /Power/SENSE-)
  (net 86 /Power/SENSE+)
  (net 87 /Power/DETECT)
  (net 88 "Net-(U11-Pad2)")
  (net 89 "Net-(U11-Pad4)")
  (net 90 "Net-(U11-Pad13)")
  (net 91 "Net-(U11-Pad14)")
  (net 92 "Net-(J8-Pad3)")
  (net 93 "Net-(J8-Pad2)")
  (net 94 SCK2)
  (net 95 MISO2)
  (net 96 MOSI2)
  (net 97 CS2)
  (net 98 "Net-(U12-Pad4)")
  (net 99 "Net-(U12-Pad3)")
  (net 100 "Net-(J4-Pad14)")
  (net 101 GNDA)
  (net 102 ACTVFB2)
  (net 103 ACTVFB1)
  (net 104 BUBBLE)
  (net 105 ACT2CTLB)
  (net 106 ACT2CTLA)
  (net 107 "Net-(R30-Pad1)")
  (net 108 ACT1VCURR)
  (net 109 ACT1CTLA)
  (net 110 ACT1CTLB)
  (net 111 /actuators/OUT1B)
  (net 112 /actuators/OUT1A)
  (net 113 /actuators/OUT2B)
  (net 114 /actuators/OUT2A)
  (net 115 "/External peripherals/PWR2")
  (net 116 "/External peripherals/PWR3")
  (net 117 "/External peripherals/PWR5")
  (net 118 "/External peripherals/PWR6")
  (net 119 "/External peripherals/RX2C")
  (net 120 "/External peripherals/TX2C")
  (net 121 "/External peripherals/RX3C")
  (net 122 "/External peripherals/TX3C")
  (net 123 "/Internal sensors/CAP")
  (net 124 "/Internal sensors/C1")
  (net 125 /WIFI_EN)
  (net 126 /WIFI_PROG)
  (net 127 /WIFI_RXD)
  (net 128 /WIFI_TXD)
  (net 129 /WIFI_RST)
  (net 130 /WIFI_GPIO2)
  (net 131 I2C2_ENABLE)
  (net 132 "Net-(U1-PadDE)")
  (net 133 "Net-(U1-PadDC)")
  (net 134 "Net-(U1-PadDG)")
  (net 135 "Net-(U1-PadUGND2)")
  (net 136 "Net-(U1-PadUGND1)")
  (net 137 "Net-(U1-PadUD+)")
  (net 138 "Net-(U1-PadUD-)")
  (net 139 "Net-(U1-PadU5V)")
  (net 140 "Net-(U1-PadAREF)")
  (net 141 "Net-(U1-PadVUSB)")
  (net 142 "Net-(U1-PadPROG)")
  (net 143 "Net-(U1-Pad13)")
  (net 144 "Net-(U2-Pad1)")
  (net 145 "Net-(Q12-Pad1)")
  (net 146 /actuators/ENCODER_V)
  (net 147 ACT4CTLA)
  (net 148 ACT4CTLB)
  (net 149 BUBBLEPWRCTL)
  (net 150 ACT3CTLB)
  (net 151 ACT3CTLA)
  (net 152 ACT4FB)
  (net 153 ACT3FB)
  (net 154 /actuators/OUT3B)
  (net 155 /actuators/OUT3A)
  (net 156 /actuators/OUT4B)
  (net 157 /actuators/OUT4A)
  (net 158 12V_ENABLE)
  (net 159 "Net-(U17-Pad5)")
  (net 160 +12V)
  (net 161 "Net-(U17-Pad3)")
  (net 162 /actuators/OUT5B)
  (net 163 /actuators/OUT5A)
  (net 164 ACT5CTLB)
  (net 165 ACT5CTLA)
  (net 166 "Net-(C28-Pad1)")

  (net_class Default "This is the default net class."
    (clearance 0.2)
    (trace_width 0.25)
    (via_dia 0.8)
    (via_drill 0.4)
    (uvia_dia 0.3)
    (uvia_drill 0.1)
    (add_net +12V)
    (add_net +3.3VA)
    (add_net +3V3)
    (add_net +5V)
    (add_net +BATT)
    (add_net "/External peripherals/PWR2")
    (add_net "/External peripherals/PWR3")
    (add_net "/External peripherals/PWR4A")
    (add_net "/External peripherals/PWR4B")
    (add_net "/External peripherals/PWR5")
    (add_net "/External peripherals/PWR6")
    (add_net "/External peripherals/RX2C")
    (add_net "/External peripherals/RX3C")
    (add_net "/External peripherals/TX2C")
    (add_net "/External peripherals/TX3C")
    (add_net "/Internal sensors/C1")
    (add_net "/Internal sensors/CAP")
    (add_net /Power/DETECT)
    (add_net /Power/PWRCTL)
    (add_net /Power/SENSE+)
    (add_net /Power/SENSE-)
    (add_net /Power/VBATT_UNSWITCHED)
    (add_net /WIFI_EN)
    (add_net /WIFI_GPIO2)
    (add_net /WIFI_PROG)
    (add_net /WIFI_RST)
    (add_net /WIFI_RXD)
    (add_net /WIFI_TXD)
    (add_net /actuators/ENCODER_V)
    (add_net /actuators/OUT1A)
    (add_net /actuators/OUT1B)
    (add_net /actuators/OUT2A)
    (add_net /actuators/OUT2B)
    (add_net /actuators/OUT3A)
    (add_net /actuators/OUT3B)
    (add_net /actuators/OUT4A)
    (add_net /actuators/OUT4B)
    (add_net /actuators/OUT5A)
    (add_net /actuators/OUT5B)
    (add_net 12V_ENABLE)
    (add_net ACT1CTLA)
    (add_net ACT1CTLB)
    (add_net ACT1VCURR)
    (add_net ACT2CTLA)
    (add_net ACT2CTLB)
    (add_net ACT3CTLA)
    (add_net ACT3CTLB)
    (add_net ACT3FB)
    (add_net ACT4CTLA)
    (add_net ACT4CTLB)
    (add_net ACT4FB)
    (add_net ACT5CTLA)
    (add_net ACT5CTLB)
    (add_net ACTVFB1)
    (add_net ACTVFB2)
    (add_net BUBBLE)
    (add_net BUBBLEPWRCTL)
    (add_net CS2)
    (add_net CTS)
    (add_net DCD)
    (add_net DTR)
    (add_net GND)
    (add_net GNDA)
    (add_net GPIO3A)
    (add_net GPIO3B)
    (add_net GPIO5A)
    (add_net GPIO5B)
    (add_net I2C2_ENABLE)
    (add_net MISO2)
    (add_net MOSI2)
    (add_net NETAVAIL)
    (add_net "Net-(C10-Pad1)")
    (add_net "Net-(C10-Pad2)")
    (add_net "Net-(C11-Pad2)")
    (add_net "Net-(C12-Pad2)")
    (add_net "Net-(C28-Pad1)")
    (add_net "Net-(C5-Pad1)")
    (add_net "Net-(C5-Pad2)")
    (add_net "Net-(C6-Pad1)")
    (add_net "Net-(C6-Pad2)")
    (add_net "Net-(C7-Pad2)")
    (add_net "Net-(C8-Pad2)")
    (add_net "Net-(C9-Pad1)")
    (add_net "Net-(C9-Pad2)")
    (add_net "Net-(J4-Pad14)")
    (add_net "Net-(J8-Pad2)")
    (add_net "Net-(J8-Pad3)")
    (add_net "Net-(JP10-Pad2)")
    (add_net "Net-(JP11-Pad2)")
    (add_net "Net-(JP12-Pad2)")
    (add_net "Net-(JP13-Pad2)")
    (add_net "Net-(JP2-Pad3)")
    (add_net "Net-(JP3-Pad3)")
    (add_net "Net-(JP4-Pad2)")
    (add_net "Net-(JP5-Pad2)")
    (add_net "Net-(JP6-Pad3)")
    (add_net "Net-(JP7-Pad3)")
    (add_net "Net-(JP8-Pad2)")
    (add_net "Net-(JP9-Pad2)")
    (add_net "Net-(Q1-Pad3)")
    (add_net "Net-(Q12-Pad1)")
    (add_net "Net-(Q2-Pad5)")
    (add_net "Net-(Q3-Pad4)")
    (add_net "Net-(Q4-Pad4)")
    (add_net "Net-(Q5-Pad4)")
    (add_net "Net-(Q6-Pad4)")
    (add_net "Net-(Q7-Pad4)")
    (add_net "Net-(Q8-Pad4)")
    (add_net "Net-(R30-Pad1)")
    (add_net "Net-(U1-Pad13)")
    (add_net "Net-(U1-PadAREF)")
    (add_net "Net-(U1-PadDC)")
    (add_net "Net-(U1-PadDE)")
    (add_net "Net-(U1-PadDG)")
    (add_net "Net-(U1-PadPROG)")
    (add_net "Net-(U1-PadU5V)")
    (add_net "Net-(U1-PadUD+)")
    (add_net "Net-(U1-PadUD-)")
    (add_net "Net-(U1-PadUGND1)")
    (add_net "Net-(U1-PadUGND2)")
    (add_net "Net-(U1-PadVUSB)")
    (add_net "Net-(U11-Pad13)")
    (add_net "Net-(U11-Pad14)")
    (add_net "Net-(U11-Pad2)")
    (add_net "Net-(U11-Pad4)")
    (add_net "Net-(U12-Pad3)")
    (add_net "Net-(U12-Pad4)")
    (add_net "Net-(U17-Pad3)")
    (add_net "Net-(U17-Pad5)")
    (add_net "Net-(U2-Pad1)")
    (add_net "Net-(U3-Pad5)")
    (add_net "Net-(U6-Pad10)")
    (add_net "Net-(U7-Pad10)")
    (add_net "Net-(U8-Pad10)")
    (add_net "Net-(U8-Pad11)")
    (add_net "Net-(U8-Pad12)")
    (add_net "Net-(U8-Pad13)")
    (add_net "Net-(U8-Pad9)")
    (add_net PM_ALERT)
    (add_net PPS)
    (add_net PWRCTL2)
    (add_net PWRCTL3)
    (add_net PWRCTL4A)
    (add_net PWRCTL4B)
    (add_net PWRCTL5)
    (add_net PWRCTL6)
    (add_net RI)
    (add_net RTS)
    (add_net RX2)
    (add_net RX3)
    (add_net RX4)
    (add_net RX5)
    (add_net RX6)
    (add_net SCK2)
    (add_net SCL1)
    (add_net SCL2)
    (add_net SDA1)
    (add_net SDA2)
    (add_net SERCTL2)
    (add_net SERCTL3)
    (add_net TX2)
    (add_net TX3)
    (add_net TX4)
    (add_net TX5)
    (add_net TX6)
    (add_net WD_RESET)
  )

  (module Capacitor_SMD:C_1210_3225Metric_Pad1.42x2.65mm_HandSolder (layer Bottom) (tedit 5B301BBE) (tstamp 5F6A0C6C)
    (at 154.9146 130.937 180)
    (descr "Capacitor SMD 1210 (3225 Metric), square (rectangular) end terminal, IPC_7351 nominal with elongated pad for handsoldering. (Body size source: http://www.tortai-tech.com/upload/download/2011102023233369053.pdf), generated with kicad-footprint-generator")
    (tags "capacitor handsolder")
    (path /5EC52B81/5FC5E784)
    (attr smd)
    (fp_text reference C28 (at 2.9464 0.127 90) (layer B.SilkS)
      (effects (font (size 1 1) (thickness 0.15)) (justify mirror))
    )
    (fp_text value 22u (at 0 -2.28) (layer B.Fab)
      (effects (font (size 1 1) (thickness 0.15)) (justify mirror))
    )
    (fp_text user %R (at 0 0) (layer B.Fab)
      (effects (font (size 0.8 0.8) (thickness 0.12)) (justify mirror))
    )
    (fp_line (start 2.45 -1.58) (end -2.45 -1.58) (layer B.CrtYd) (width 0.05))
    (fp_line (start 2.45 1.58) (end 2.45 -1.58) (layer B.CrtYd) (width 0.05))
    (fp_line (start -2.45 1.58) (end 2.45 1.58) (layer B.CrtYd) (width 0.05))
    (fp_line (start -2.45 -1.58) (end -2.45 1.58) (layer B.CrtYd) (width 0.05))
    (fp_line (start -0.602064 -1.36) (end 0.602064 -1.36) (layer B.SilkS) (width 0.12))
    (fp_line (start -0.602064 1.36) (end 0.602064 1.36) (layer B.SilkS) (width 0.12))
    (fp_line (start 1.6 -1.25) (end -1.6 -1.25) (layer B.Fab) (width 0.1))
    (fp_line (start 1.6 1.25) (end 1.6 -1.25) (layer B.Fab) (width 0.1))
    (fp_line (start -1.6 1.25) (end 1.6 1.25) (layer B.Fab) (width 0.1))
    (fp_line (start -1.6 -1.25) (end -1.6 1.25) (layer B.Fab) (width 0.1))
    (pad 2 smd roundrect (at 1.4875 0 180) (size 1.425 2.65) (layers Bottom B.Paste B.Mask) (roundrect_rratio 0.175439)
      (net 3 GND))
    (pad 1 smd roundrect (at -1.4875 0 180) (size 1.425 2.65) (layers Bottom B.Paste B.Mask) (roundrect_rratio 0.175439)
      (net 166 "Net-(C28-Pad1)"))
    (model ${KISYS3DMOD}/Capacitor_SMD.3dshapes/C_1210_3225Metric.wrl
      (at (xyz 0 0 0))
      (scale (xyz 1 1 1))
      (rotate (xyz 0 0 0))
    )
  )

  (module Capacitor_SMD:C_1210_3225Metric_Pad1.42x2.65mm_HandSolder (layer Top) (tedit 5B301BBE) (tstamp 5F6A0C5B)
    (at 154.9654 117.3988 180)
    (descr "Capacitor SMD 1210 (3225 Metric), square (rectangular) end terminal, IPC_7351 nominal with elongated pad for handsoldering. (Body size source: http://www.tortai-tech.com/upload/download/2011102023233369053.pdf), generated with kicad-footprint-generator")
    (tags "capacitor handsolder")
    (path /5EC52B81/5FC38FB6)
    (attr smd)
    (fp_text reference C27 (at 4.826 0.8382) (layer F.SilkS)
      (effects (font (size 1 1) (thickness 0.15)))
    )
    (fp_text value 22u (at 0 2.28) (layer F.Fab)
      (effects (font (size 1 1) (thickness 0.15)))
    )
    (fp_text user %R (at 0 0) (layer F.Fab)
      (effects (font (size 0.8 0.8) (thickness 0.12)))
    )
    (fp_line (start 2.45 1.58) (end -2.45 1.58) (layer F.CrtYd) (width 0.05))
    (fp_line (start 2.45 -1.58) (end 2.45 1.58) (layer F.CrtYd) (width 0.05))
    (fp_line (start -2.45 -1.58) (end 2.45 -1.58) (layer F.CrtYd) (width 0.05))
    (fp_line (start -2.45 1.58) (end -2.45 -1.58) (layer F.CrtYd) (width 0.05))
    (fp_line (start -0.602064 1.36) (end 0.602064 1.36) (layer F.SilkS) (width 0.12))
    (fp_line (start -0.602064 -1.36) (end 0.602064 -1.36) (layer F.SilkS) (width 0.12))
    (fp_line (start 1.6 1.25) (end -1.6 1.25) (layer F.Fab) (width 0.1))
    (fp_line (start 1.6 -1.25) (end 1.6 1.25) (layer F.Fab) (width 0.1))
    (fp_line (start -1.6 -1.25) (end 1.6 -1.25) (layer F.Fab) (width 0.1))
    (fp_line (start -1.6 1.25) (end -1.6 -1.25) (layer F.Fab) (width 0.1))
    (pad 2 smd roundrect (at 1.4875 0 180) (size 1.425 2.65) (layers Top F.Paste F.Mask) (roundrect_rratio 0.175439)
      (net 3 GND))
    (pad 1 smd roundrect (at -1.4875 0 180) (size 1.425 2.65) (layers Top F.Paste F.Mask) (roundrect_rratio 0.175439)
      (net 160 +12V))
    (model ${KISYS3DMOD}/Capacitor_SMD.3dshapes/C_1210_3225Metric.wrl
      (at (xyz 0 0 0))
      (scale (xyz 1 1 1))
      (rotate (xyz 0 0 0))
    )
  )

  (module Capacitor_SMD:C_1210_3225Metric_Pad1.42x2.65mm_HandSolder (layer Bottom) (tedit 5B301BBE) (tstamp 5F6998E2)
    (at 153.0858 85.4202)
    (descr "Capacitor SMD 1210 (3225 Metric), square (rectangular) end terminal, IPC_7351 nominal with elongated pad for handsoldering. (Body size source: http://www.tortai-tech.com/upload/download/2011102023233369053.pdf), generated with kicad-footprint-generator")
    (tags "capacitor handsolder")
    (path /5EC52B81/5FC0DD51)
    (attr smd)
    (fp_text reference C26 (at 0 2.28) (layer B.SilkS)
      (effects (font (size 1 1) (thickness 0.15)) (justify mirror))
    )
    (fp_text value 22u (at 0 -2.28) (layer B.Fab)
      (effects (font (size 1 1) (thickness 0.15)) (justify mirror))
    )
    (fp_text user %R (at 0 0) (layer B.Fab)
      (effects (font (size 0.8 0.8) (thickness 0.12)) (justify mirror))
    )
    (fp_line (start 2.45 -1.58) (end -2.45 -1.58) (layer B.CrtYd) (width 0.05))
    (fp_line (start 2.45 1.58) (end 2.45 -1.58) (layer B.CrtYd) (width 0.05))
    (fp_line (start -2.45 1.58) (end 2.45 1.58) (layer B.CrtYd) (width 0.05))
    (fp_line (start -2.45 -1.58) (end -2.45 1.58) (layer B.CrtYd) (width 0.05))
    (fp_line (start -0.602064 -1.36) (end 0.602064 -1.36) (layer B.SilkS) (width 0.12))
    (fp_line (start -0.602064 1.36) (end 0.602064 1.36) (layer B.SilkS) (width 0.12))
    (fp_line (start 1.6 -1.25) (end -1.6 -1.25) (layer B.Fab) (width 0.1))
    (fp_line (start 1.6 1.25) (end 1.6 -1.25) (layer B.Fab) (width 0.1))
    (fp_line (start -1.6 1.25) (end 1.6 1.25) (layer B.Fab) (width 0.1))
    (fp_line (start -1.6 -1.25) (end -1.6 1.25) (layer B.Fab) (width 0.1))
    (pad 2 smd roundrect (at 1.4875 0) (size 1.425 2.65) (layers Bottom B.Paste B.Mask) (roundrect_rratio 0.175439)
      (net 3 GND))
    (pad 1 smd roundrect (at -1.4875 0) (size 1.425 2.65) (layers Bottom B.Paste B.Mask) (roundrect_rratio 0.175439)
      (net 160 +12V))
    (model ${KISYS3DMOD}/Capacitor_SMD.3dshapes/C_1210_3225Metric.wrl
      (at (xyz 0 0 0))
      (scale (xyz 1 1 1))
      (rotate (xyz 0 0 0))
    )
  )

  (module Connector_PinHeader_2.54mm:PinHeader_1x03_P2.54mm_Vertical (layer Top) (tedit 59FED5CC) (tstamp 5F68FF7B)
    (at 150.3426 120.9294 90)
    (descr "Through hole straight pin header, 1x03, 2.54mm pitch, single row")
    (tags "Through hole pin header THT 1x03 2.54mm single row")
    (path /5EC52B81/5FBA817F)
    (fp_text reference JP14 (at 0 -2.33 90) (layer F.SilkS)
      (effects (font (size 1 1) (thickness 0.15)))
    )
    (fp_text value PinHead_2.54mm_3 (at 0 7.41 90) (layer F.Fab)
      (effects (font (size 1 1) (thickness 0.15)))
    )
    (fp_text user %R (at 0 2.54) (layer F.Fab)
      (effects (font (size 1 1) (thickness 0.15)))
    )
    (fp_line (start 1.8 -1.8) (end -1.8 -1.8) (layer F.CrtYd) (width 0.05))
    (fp_line (start 1.8 6.85) (end 1.8 -1.8) (layer F.CrtYd) (width 0.05))
    (fp_line (start -1.8 6.85) (end 1.8 6.85) (layer F.CrtYd) (width 0.05))
    (fp_line (start -1.8 -1.8) (end -1.8 6.85) (layer F.CrtYd) (width 0.05))
    (fp_line (start -1.33 -1.33) (end 0 -1.33) (layer F.SilkS) (width 0.12))
    (fp_line (start -1.33 0) (end -1.33 -1.33) (layer F.SilkS) (width 0.12))
    (fp_line (start -1.33 1.27) (end 1.33 1.27) (layer F.SilkS) (width 0.12))
    (fp_line (start 1.33 1.27) (end 1.33 6.41) (layer F.SilkS) (width 0.12))
    (fp_line (start -1.33 1.27) (end -1.33 6.41) (layer F.SilkS) (width 0.12))
    (fp_line (start -1.33 6.41) (end 1.33 6.41) (layer F.SilkS) (width 0.12))
    (fp_line (start -1.27 -0.635) (end -0.635 -1.27) (layer F.Fab) (width 0.1))
    (fp_line (start -1.27 6.35) (end -1.27 -0.635) (layer F.Fab) (width 0.1))
    (fp_line (start 1.27 6.35) (end -1.27 6.35) (layer F.Fab) (width 0.1))
    (fp_line (start 1.27 -1.27) (end 1.27 6.35) (layer F.Fab) (width 0.1))
    (fp_line (start -0.635 -1.27) (end 1.27 -1.27) (layer F.Fab) (width 0.1))
    (pad 3 thru_hole oval (at 0 5.08 90) (size 1.7 1.7) (drill 1) (layers *.Cu *.Mask)
      (net 160 +12V))
    (pad 2 thru_hole oval (at 0 2.54 90) (size 1.7 1.7) (drill 1) (layers *.Cu *.Mask)
      (net 166 "Net-(C28-Pad1)"))
    (pad 1 thru_hole rect (at 0 0 90) (size 1.7 1.7) (drill 1) (layers *.Cu *.Mask)
      (net 26 +BATT))
    (model ${KISYS3DMOD}/Connector_PinHeader_2.54mm.3dshapes/PinHeader_1x03_P2.54mm_Vertical.wrl
      (at (xyz 0 0 0))
      (scale (xyz 1 1 1))
      (rotate (xyz 0 0 0))
    )
  )

  (module Resistor_SMD:R_0603_1608Metric_Pad1.05x0.95mm_HandSolder (layer Bottom) (tedit 5B301BBD) (tstamp 5F68B655)
    (at 146.177 82.423 180)
    (descr "Resistor SMD 0603 (1608 Metric), square (rectangular) end terminal, IPC_7351 nominal with elongated pad for handsoldering. (Body size source: http://www.tortai-tech.com/upload/download/2011102023233369053.pdf), generated with kicad-footprint-generator")
    (tags "resistor handsolder")
    (path /5EC52B81/5FACE2BE)
    (attr smd)
    (fp_text reference R29 (at 3.048 -0.1016) (layer B.SilkS)
      (effects (font (size 1 1) (thickness 0.15)) (justify mirror))
    )
    (fp_text value 220k (at 0 -1.43) (layer B.Fab)
      (effects (font (size 1 1) (thickness 0.15)) (justify mirror))
    )
    (fp_text user %R (at 0 0) (layer B.Fab)
      (effects (font (size 0.4 0.4) (thickness 0.06)) (justify mirror))
    )
    (fp_line (start 1.65 -0.73) (end -1.65 -0.73) (layer B.CrtYd) (width 0.05))
    (fp_line (start 1.65 0.73) (end 1.65 -0.73) (layer B.CrtYd) (width 0.05))
    (fp_line (start -1.65 0.73) (end 1.65 0.73) (layer B.CrtYd) (width 0.05))
    (fp_line (start -1.65 -0.73) (end -1.65 0.73) (layer B.CrtYd) (width 0.05))
    (fp_line (start -0.171267 -0.51) (end 0.171267 -0.51) (layer B.SilkS) (width 0.12))
    (fp_line (start -0.171267 0.51) (end 0.171267 0.51) (layer B.SilkS) (width 0.12))
    (fp_line (start 0.8 -0.4) (end -0.8 -0.4) (layer B.Fab) (width 0.1))
    (fp_line (start 0.8 0.4) (end 0.8 -0.4) (layer B.Fab) (width 0.1))
    (fp_line (start -0.8 0.4) (end 0.8 0.4) (layer B.Fab) (width 0.1))
    (fp_line (start -0.8 -0.4) (end -0.8 0.4) (layer B.Fab) (width 0.1))
    (pad 2 smd roundrect (at 0.875 0 180) (size 1.05 0.95) (layers Bottom B.Paste B.Mask) (roundrect_rratio 0.25)
      (net 3 GND))
    (pad 1 smd roundrect (at -0.875 0 180) (size 1.05 0.95) (layers Bottom B.Paste B.Mask) (roundrect_rratio 0.25)
      (net 148 ACT4CTLB))
    (model ${KISYS3DMOD}/Resistor_SMD.3dshapes/R_0603_1608Metric.wrl
      (at (xyz 0 0 0))
      (scale (xyz 1 1 1))
      (rotate (xyz 0 0 0))
    )
  )

  (module Resistor_SMD:R_0603_1608Metric_Pad1.05x0.95mm_HandSolder (layer Bottom) (tedit 5B301BBD) (tstamp 5F683601)
    (at 149.86 116.84 270)
    (descr "Resistor SMD 0603 (1608 Metric), square (rectangular) end terminal, IPC_7351 nominal with elongated pad for handsoldering. (Body size source: http://www.tortai-tech.com/upload/download/2011102023233369053.pdf), generated with kicad-footprint-generator")
    (tags "resistor handsolder")
    (path /5EC52B81/5FAB8723)
    (attr smd)
    (fp_text reference R28 (at 0.0762 1.3462 270) (layer B.SilkS)
      (effects (font (size 1 1) (thickness 0.15)) (justify mirror))
    )
    (fp_text value 220k (at 0 -1.43 270) (layer B.Fab)
      (effects (font (size 1 1) (thickness 0.15)) (justify mirror))
    )
    (fp_text user %R (at 0 0 270) (layer B.Fab)
      (effects (font (size 0.4 0.4) (thickness 0.06)) (justify mirror))
    )
    (fp_line (start 1.65 -0.73) (end -1.65 -0.73) (layer B.CrtYd) (width 0.05))
    (fp_line (start 1.65 0.73) (end 1.65 -0.73) (layer B.CrtYd) (width 0.05))
    (fp_line (start -1.65 0.73) (end 1.65 0.73) (layer B.CrtYd) (width 0.05))
    (fp_line (start -1.65 -0.73) (end -1.65 0.73) (layer B.CrtYd) (width 0.05))
    (fp_line (start -0.171267 -0.51) (end 0.171267 -0.51) (layer B.SilkS) (width 0.12))
    (fp_line (start -0.171267 0.51) (end 0.171267 0.51) (layer B.SilkS) (width 0.12))
    (fp_line (start 0.8 -0.4) (end -0.8 -0.4) (layer B.Fab) (width 0.1))
    (fp_line (start 0.8 0.4) (end 0.8 -0.4) (layer B.Fab) (width 0.1))
    (fp_line (start -0.8 0.4) (end 0.8 0.4) (layer B.Fab) (width 0.1))
    (fp_line (start -0.8 -0.4) (end -0.8 0.4) (layer B.Fab) (width 0.1))
    (pad 2 smd roundrect (at 0.875 0 270) (size 1.05 0.95) (layers Bottom B.Paste B.Mask) (roundrect_rratio 0.25)
      (net 3 GND))
    (pad 1 smd roundrect (at -0.875 0 270) (size 1.05 0.95) (layers Bottom B.Paste B.Mask) (roundrect_rratio 0.25)
      (net 105 ACT2CTLB))
    (model ${KISYS3DMOD}/Resistor_SMD.3dshapes/R_0603_1608Metric.wrl
      (at (xyz 0 0 0))
      (scale (xyz 1 1 1))
      (rotate (xyz 0 0 0))
    )
  )

  (module Resistor_SMD:R_0603_1608Metric_Pad1.05x0.95mm_HandSolder (layer Bottom) (tedit 5B301BBD) (tstamp 5F6835F0)
    (at 149.5806 82.423)
    (descr "Resistor SMD 0603 (1608 Metric), square (rectangular) end terminal, IPC_7351 nominal with elongated pad for handsoldering. (Body size source: http://www.tortai-tech.com/upload/download/2011102023233369053.pdf), generated with kicad-footprint-generator")
    (tags "resistor handsolder")
    (path /5EC52B81/5FACE2B5)
    (attr smd)
    (fp_text reference R27 (at 1.4986 -2.1844 90) (layer B.SilkS)
      (effects (font (size 1 1) (thickness 0.15)) (justify mirror))
    )
    (fp_text value 220k (at 0 -1.43) (layer B.Fab)
      (effects (font (size 1 1) (thickness 0.15)) (justify mirror))
    )
    (fp_text user %R (at 0 0) (layer B.Fab)
      (effects (font (size 0.4 0.4) (thickness 0.06)) (justify mirror))
    )
    (fp_line (start 1.65 -0.73) (end -1.65 -0.73) (layer B.CrtYd) (width 0.05))
    (fp_line (start 1.65 0.73) (end 1.65 -0.73) (layer B.CrtYd) (width 0.05))
    (fp_line (start -1.65 0.73) (end 1.65 0.73) (layer B.CrtYd) (width 0.05))
    (fp_line (start -1.65 -0.73) (end -1.65 0.73) (layer B.CrtYd) (width 0.05))
    (fp_line (start -0.171267 -0.51) (end 0.171267 -0.51) (layer B.SilkS) (width 0.12))
    (fp_line (start -0.171267 0.51) (end 0.171267 0.51) (layer B.SilkS) (width 0.12))
    (fp_line (start 0.8 -0.4) (end -0.8 -0.4) (layer B.Fab) (width 0.1))
    (fp_line (start 0.8 0.4) (end 0.8 -0.4) (layer B.Fab) (width 0.1))
    (fp_line (start -0.8 0.4) (end 0.8 0.4) (layer B.Fab) (width 0.1))
    (fp_line (start -0.8 -0.4) (end -0.8 0.4) (layer B.Fab) (width 0.1))
    (pad 2 smd roundrect (at 0.875 0) (size 1.05 0.95) (layers Bottom B.Paste B.Mask) (roundrect_rratio 0.25)
      (net 3 GND))
    (pad 1 smd roundrect (at -0.875 0) (size 1.05 0.95) (layers Bottom B.Paste B.Mask) (roundrect_rratio 0.25)
      (net 147 ACT4CTLA))
    (model ${KISYS3DMOD}/Resistor_SMD.3dshapes/R_0603_1608Metric.wrl
      (at (xyz 0 0 0))
      (scale (xyz 1 1 1))
      (rotate (xyz 0 0 0))
    )
  )

  (module Resistor_SMD:R_0603_1608Metric_Pad1.05x0.95mm_HandSolder (layer Bottom) (tedit 5B301BBD) (tstamp 5F6835DF)
    (at 152.4 117.6782 270)
    (descr "Resistor SMD 0603 (1608 Metric), square (rectangular) end terminal, IPC_7351 nominal with elongated pad for handsoldering. (Body size source: http://www.tortai-tech.com/upload/download/2011102023233369053.pdf), generated with kicad-footprint-generator")
    (tags "resistor handsolder")
    (path /5EC52B81/5FAB871A)
    (attr smd)
    (fp_text reference R26 (at 0.2794 -1.397 90) (layer B.SilkS)
      (effects (font (size 1 1) (thickness 0.15)) (justify mirror))
    )
    (fp_text value 220k (at 0 -1.43 90) (layer B.Fab)
      (effects (font (size 1 1) (thickness 0.15)) (justify mirror))
    )
    (fp_text user %R (at 0 0 90) (layer B.Fab)
      (effects (font (size 0.4 0.4) (thickness 0.06)) (justify mirror))
    )
    (fp_line (start 1.65 -0.73) (end -1.65 -0.73) (layer B.CrtYd) (width 0.05))
    (fp_line (start 1.65 0.73) (end 1.65 -0.73) (layer B.CrtYd) (width 0.05))
    (fp_line (start -1.65 0.73) (end 1.65 0.73) (layer B.CrtYd) (width 0.05))
    (fp_line (start -1.65 -0.73) (end -1.65 0.73) (layer B.CrtYd) (width 0.05))
    (fp_line (start -0.171267 -0.51) (end 0.171267 -0.51) (layer B.SilkS) (width 0.12))
    (fp_line (start -0.171267 0.51) (end 0.171267 0.51) (layer B.SilkS) (width 0.12))
    (fp_line (start 0.8 -0.4) (end -0.8 -0.4) (layer B.Fab) (width 0.1))
    (fp_line (start 0.8 0.4) (end 0.8 -0.4) (layer B.Fab) (width 0.1))
    (fp_line (start -0.8 0.4) (end 0.8 0.4) (layer B.Fab) (width 0.1))
    (fp_line (start -0.8 -0.4) (end -0.8 0.4) (layer B.Fab) (width 0.1))
    (pad 2 smd roundrect (at 0.875 0 270) (size 1.05 0.95) (layers Bottom B.Paste B.Mask) (roundrect_rratio 0.25)
      (net 3 GND))
    (pad 1 smd roundrect (at -0.875 0 270) (size 1.05 0.95) (layers Bottom B.Paste B.Mask) (roundrect_rratio 0.25)
      (net 106 ACT2CTLA))
    (model ${KISYS3DMOD}/Resistor_SMD.3dshapes/R_0603_1608Metric.wrl
      (at (xyz 0 0 0))
      (scale (xyz 1 1 1))
      (rotate (xyz 0 0 0))
    )
  )

  (module Resistor_SMD:R_0603_1608Metric_Pad1.05x0.95mm_HandSolder (layer Top) (tedit 5B301BBD) (tstamp 5F6835CE)
    (at 149.8346 142.1638 270)
    (descr "Resistor SMD 0603 (1608 Metric), square (rectangular) end terminal, IPC_7351 nominal with elongated pad for handsoldering. (Body size source: http://www.tortai-tech.com/upload/download/2011102023233369053.pdf), generated with kicad-footprint-generator")
    (tags "resistor handsolder")
    (path /5EC52B81/5FAE6FCB)
    (attr smd)
    (fp_text reference R25 (at 0.254 1.397 90) (layer F.SilkS)
      (effects (font (size 1 1) (thickness 0.15)))
    )
    (fp_text value 220k (at 0 1.43 90) (layer F.Fab)
      (effects (font (size 1 1) (thickness 0.15)))
    )
    (fp_text user %R (at 0 0 90) (layer F.Fab)
      (effects (font (size 0.4 0.4) (thickness 0.06)))
    )
    (fp_line (start 1.65 0.73) (end -1.65 0.73) (layer F.CrtYd) (width 0.05))
    (fp_line (start 1.65 -0.73) (end 1.65 0.73) (layer F.CrtYd) (width 0.05))
    (fp_line (start -1.65 -0.73) (end 1.65 -0.73) (layer F.CrtYd) (width 0.05))
    (fp_line (start -1.65 0.73) (end -1.65 -0.73) (layer F.CrtYd) (width 0.05))
    (fp_line (start -0.171267 0.51) (end 0.171267 0.51) (layer F.SilkS) (width 0.12))
    (fp_line (start -0.171267 -0.51) (end 0.171267 -0.51) (layer F.SilkS) (width 0.12))
    (fp_line (start 0.8 0.4) (end -0.8 0.4) (layer F.Fab) (width 0.1))
    (fp_line (start 0.8 -0.4) (end 0.8 0.4) (layer F.Fab) (width 0.1))
    (fp_line (start -0.8 -0.4) (end 0.8 -0.4) (layer F.Fab) (width 0.1))
    (fp_line (start -0.8 0.4) (end -0.8 -0.4) (layer F.Fab) (width 0.1))
    (pad 2 smd roundrect (at 0.875 0 270) (size 1.05 0.95) (layers Top F.Paste F.Mask) (roundrect_rratio 0.25)
      (net 3 GND))
    (pad 1 smd roundrect (at -0.875 0 270) (size 1.05 0.95) (layers Top F.Paste F.Mask) (roundrect_rratio 0.25)
      (net 164 ACT5CTLB))
    (model ${KISYS3DMOD}/Resistor_SMD.3dshapes/R_0603_1608Metric.wrl
      (at (xyz 0 0 0))
      (scale (xyz 1 1 1))
      (rotate (xyz 0 0 0))
    )
  )

  (module Resistor_SMD:R_0603_1608Metric_Pad1.05x0.95mm_HandSolder (layer Bottom) (tedit 5B301BBD) (tstamp 5F6835BD)
    (at 146.5834 70.1802 90)
    (descr "Resistor SMD 0603 (1608 Metric), square (rectangular) end terminal, IPC_7351 nominal with elongated pad for handsoldering. (Body size source: http://www.tortai-tech.com/upload/download/2011102023233369053.pdf), generated with kicad-footprint-generator")
    (tags "resistor handsolder")
    (path /5EC52B81/5FB00BDD)
    (attr smd)
    (fp_text reference R24 (at -0.2286 -1.27 90) (layer B.SilkS)
      (effects (font (size 1 1) (thickness 0.15)) (justify mirror))
    )
    (fp_text value 220k (at 0 -1.43 90) (layer B.Fab)
      (effects (font (size 1 1) (thickness 0.15)) (justify mirror))
    )
    (fp_text user %R (at 0 0 90) (layer B.Fab)
      (effects (font (size 0.4 0.4) (thickness 0.06)) (justify mirror))
    )
    (fp_line (start 1.65 -0.73) (end -1.65 -0.73) (layer B.CrtYd) (width 0.05))
    (fp_line (start 1.65 0.73) (end 1.65 -0.73) (layer B.CrtYd) (width 0.05))
    (fp_line (start -1.65 0.73) (end 1.65 0.73) (layer B.CrtYd) (width 0.05))
    (fp_line (start -1.65 -0.73) (end -1.65 0.73) (layer B.CrtYd) (width 0.05))
    (fp_line (start -0.171267 -0.51) (end 0.171267 -0.51) (layer B.SilkS) (width 0.12))
    (fp_line (start -0.171267 0.51) (end 0.171267 0.51) (layer B.SilkS) (width 0.12))
    (fp_line (start 0.8 -0.4) (end -0.8 -0.4) (layer B.Fab) (width 0.1))
    (fp_line (start 0.8 0.4) (end 0.8 -0.4) (layer B.Fab) (width 0.1))
    (fp_line (start -0.8 0.4) (end 0.8 0.4) (layer B.Fab) (width 0.1))
    (fp_line (start -0.8 -0.4) (end -0.8 0.4) (layer B.Fab) (width 0.1))
    (pad 2 smd roundrect (at 0.875 0 90) (size 1.05 0.95) (layers Bottom B.Paste B.Mask) (roundrect_rratio 0.25)
      (net 3 GND))
    (pad 1 smd roundrect (at -0.875 0 90) (size 1.05 0.95) (layers Bottom B.Paste B.Mask) (roundrect_rratio 0.25)
      (net 150 ACT3CTLB))
    (model ${KISYS3DMOD}/Resistor_SMD.3dshapes/R_0603_1608Metric.wrl
      (at (xyz 0 0 0))
      (scale (xyz 1 1 1))
      (rotate (xyz 0 0 0))
    )
  )

  (module Resistor_SMD:R_0603_1608Metric_Pad1.05x0.95mm_HandSolder (layer Top) (tedit 5B301BBD) (tstamp 5F6835AC)
    (at 152.781 142.875 270)
    (descr "Resistor SMD 0603 (1608 Metric), square (rectangular) end terminal, IPC_7351 nominal with elongated pad for handsoldering. (Body size source: http://www.tortai-tech.com/upload/download/2011102023233369053.pdf), generated with kicad-footprint-generator")
    (tags "resistor handsolder")
    (path /5EC52B81/5FAE6FC2)
    (attr smd)
    (fp_text reference R23 (at 0.127 -1.4732 90) (layer F.SilkS)
      (effects (font (size 1 1) (thickness 0.15)))
    )
    (fp_text value 220k (at 0 1.43 90) (layer F.Fab)
      (effects (font (size 1 1) (thickness 0.15)))
    )
    (fp_text user %R (at 0 0 90) (layer F.Fab)
      (effects (font (size 0.4 0.4) (thickness 0.06)))
    )
    (fp_line (start 1.65 0.73) (end -1.65 0.73) (layer F.CrtYd) (width 0.05))
    (fp_line (start 1.65 -0.73) (end 1.65 0.73) (layer F.CrtYd) (width 0.05))
    (fp_line (start -1.65 -0.73) (end 1.65 -0.73) (layer F.CrtYd) (width 0.05))
    (fp_line (start -1.65 0.73) (end -1.65 -0.73) (layer F.CrtYd) (width 0.05))
    (fp_line (start -0.171267 0.51) (end 0.171267 0.51) (layer F.SilkS) (width 0.12))
    (fp_line (start -0.171267 -0.51) (end 0.171267 -0.51) (layer F.SilkS) (width 0.12))
    (fp_line (start 0.8 0.4) (end -0.8 0.4) (layer F.Fab) (width 0.1))
    (fp_line (start 0.8 -0.4) (end 0.8 0.4) (layer F.Fab) (width 0.1))
    (fp_line (start -0.8 -0.4) (end 0.8 -0.4) (layer F.Fab) (width 0.1))
    (fp_line (start -0.8 0.4) (end -0.8 -0.4) (layer F.Fab) (width 0.1))
    (pad 2 smd roundrect (at 0.875 0 270) (size 1.05 0.95) (layers Top F.Paste F.Mask) (roundrect_rratio 0.25)
      (net 3 GND))
    (pad 1 smd roundrect (at -0.875 0 270) (size 1.05 0.95) (layers Top F.Paste F.Mask) (roundrect_rratio 0.25)
      (net 165 ACT5CTLA))
    (model ${KISYS3DMOD}/Resistor_SMD.3dshapes/R_0603_1608Metric.wrl
      (at (xyz 0 0 0))
      (scale (xyz 1 1 1))
      (rotate (xyz 0 0 0))
    )
  )

  (module Resistor_SMD:R_0603_1608Metric_Pad1.05x0.95mm_HandSolder (layer Bottom) (tedit 5B301BBD) (tstamp 5F68357B)
    (at 148.1582 70.1802 90)
    (descr "Resistor SMD 0603 (1608 Metric), square (rectangular) end terminal, IPC_7351 nominal with elongated pad for handsoldering. (Body size source: http://www.tortai-tech.com/upload/download/2011102023233369053.pdf), generated with kicad-footprint-generator")
    (tags "resistor handsolder")
    (path /5EC52B81/5FB00BD4)
    (attr smd)
    (fp_text reference R21 (at 0 1.43 270) (layer B.SilkS)
      (effects (font (size 1 1) (thickness 0.15)) (justify mirror))
    )
    (fp_text value 220k (at 0 -1.43 270) (layer B.Fab)
      (effects (font (size 1 1) (thickness 0.15)) (justify mirror))
    )
    (fp_text user %R (at 0 0 270) (layer B.Fab)
      (effects (font (size 0.4 0.4) (thickness 0.06)) (justify mirror))
    )
    (fp_line (start 1.65 -0.73) (end -1.65 -0.73) (layer B.CrtYd) (width 0.05))
    (fp_line (start 1.65 0.73) (end 1.65 -0.73) (layer B.CrtYd) (width 0.05))
    (fp_line (start -1.65 0.73) (end 1.65 0.73) (layer B.CrtYd) (width 0.05))
    (fp_line (start -1.65 -0.73) (end -1.65 0.73) (layer B.CrtYd) (width 0.05))
    (fp_line (start -0.171267 -0.51) (end 0.171267 -0.51) (layer B.SilkS) (width 0.12))
    (fp_line (start -0.171267 0.51) (end 0.171267 0.51) (layer B.SilkS) (width 0.12))
    (fp_line (start 0.8 -0.4) (end -0.8 -0.4) (layer B.Fab) (width 0.1))
    (fp_line (start 0.8 0.4) (end 0.8 -0.4) (layer B.Fab) (width 0.1))
    (fp_line (start -0.8 0.4) (end 0.8 0.4) (layer B.Fab) (width 0.1))
    (fp_line (start -0.8 -0.4) (end -0.8 0.4) (layer B.Fab) (width 0.1))
    (pad 2 smd roundrect (at 0.875 0 90) (size 1.05 0.95) (layers Bottom B.Paste B.Mask) (roundrect_rratio 0.25)
      (net 3 GND))
    (pad 1 smd roundrect (at -0.875 0 90) (size 1.05 0.95) (layers Bottom B.Paste B.Mask) (roundrect_rratio 0.25)
      (net 151 ACT3CTLA))
    (model ${KISYS3DMOD}/Resistor_SMD.3dshapes/R_0603_1608Metric.wrl
      (at (xyz 0 0 0))
      (scale (xyz 1 1 1))
      (rotate (xyz 0 0 0))
    )
  )

  (module Capacitor_SMD:C_1210_3225Metric_Pad1.42x2.65mm_HandSolder (layer Top) (tedit 5B301BBE) (tstamp 5F123DC5)
    (at 133.1468 87.4268 90)
    (descr "Capacitor SMD 1210 (3225 Metric), square (rectangular) end terminal, IPC_7351 nominal with elongated pad for handsoldering. (Body size source: http://www.tortai-tech.com/upload/download/2011102023233369053.pdf), generated with kicad-footprint-generator")
    (tags "capacitor handsolder")
    (path /5EB2DABF/5F29FCEF)
    (attr smd)
    (fp_text reference C25 (at 0 -2.28 90) (layer F.SilkS)
      (effects (font (size 1 1) (thickness 0.15)))
    )
    (fp_text value 22u (at 0 2.28 90) (layer F.Fab)
      (effects (font (size 1 1) (thickness 0.15)))
    )
    (fp_text user %R (at 0 0 90) (layer F.Fab)
      (effects (font (size 0.8 0.8) (thickness 0.12)))
    )
    (fp_line (start 2.45 1.58) (end -2.45 1.58) (layer F.CrtYd) (width 0.05))
    (fp_line (start 2.45 -1.58) (end 2.45 1.58) (layer F.CrtYd) (width 0.05))
    (fp_line (start -2.45 -1.58) (end 2.45 -1.58) (layer F.CrtYd) (width 0.05))
    (fp_line (start -2.45 1.58) (end -2.45 -1.58) (layer F.CrtYd) (width 0.05))
    (fp_line (start -0.602064 1.36) (end 0.602064 1.36) (layer F.SilkS) (width 0.12))
    (fp_line (start -0.602064 -1.36) (end 0.602064 -1.36) (layer F.SilkS) (width 0.12))
    (fp_line (start 1.6 1.25) (end -1.6 1.25) (layer F.Fab) (width 0.1))
    (fp_line (start 1.6 -1.25) (end 1.6 1.25) (layer F.Fab) (width 0.1))
    (fp_line (start -1.6 -1.25) (end 1.6 -1.25) (layer F.Fab) (width 0.1))
    (fp_line (start -1.6 1.25) (end -1.6 -1.25) (layer F.Fab) (width 0.1))
    (pad 2 smd roundrect (at 1.4875 0 90) (size 1.425 2.65) (layers Top F.Paste F.Mask) (roundrect_rratio 0.175439)
      (net 3 GND))
    (pad 1 smd roundrect (at -1.4875 0 90) (size 1.425 2.65) (layers Top F.Paste F.Mask) (roundrect_rratio 0.175439)
      (net 160 +12V))
    (model ${KISYS3DMOD}/Capacitor_SMD.3dshapes/C_1210_3225Metric.wrl
      (at (xyz 0 0 0))
      (scale (xyz 1 1 1))
      (rotate (xyz 0 0 0))
    )
  )

  (module Capacitor_SMD:C_1206_3216Metric_Pad1.42x1.75mm_HandSolder (layer Top) (tedit 5B301BBE) (tstamp 5F123DB4)
    (at 133.1468 92.71 90)
    (descr "Capacitor SMD 1206 (3216 Metric), square (rectangular) end terminal, IPC_7351 nominal with elongated pad for handsoldering. (Body size source: http://www.tortai-tech.com/upload/download/2011102023233369053.pdf), generated with kicad-footprint-generator")
    (tags "capacitor handsolder")
    (path /5EB2DABF/5F2AF6BD)
    (attr smd)
    (fp_text reference C24 (at 0 -1.82 90) (layer F.SilkS)
      (effects (font (size 1 1) (thickness 0.15)))
    )
    (fp_text value 4.7u (at 0 1.82 90) (layer F.Fab)
      (effects (font (size 1 1) (thickness 0.15)))
    )
    (fp_text user %R (at 0 0 90) (layer F.Fab)
      (effects (font (size 0.8 0.8) (thickness 0.12)))
    )
    (fp_line (start 2.45 1.12) (end -2.45 1.12) (layer F.CrtYd) (width 0.05))
    (fp_line (start 2.45 -1.12) (end 2.45 1.12) (layer F.CrtYd) (width 0.05))
    (fp_line (start -2.45 -1.12) (end 2.45 -1.12) (layer F.CrtYd) (width 0.05))
    (fp_line (start -2.45 1.12) (end -2.45 -1.12) (layer F.CrtYd) (width 0.05))
    (fp_line (start -0.602064 0.91) (end 0.602064 0.91) (layer F.SilkS) (width 0.12))
    (fp_line (start -0.602064 -0.91) (end 0.602064 -0.91) (layer F.SilkS) (width 0.12))
    (fp_line (start 1.6 0.8) (end -1.6 0.8) (layer F.Fab) (width 0.1))
    (fp_line (start 1.6 -0.8) (end 1.6 0.8) (layer F.Fab) (width 0.1))
    (fp_line (start -1.6 -0.8) (end 1.6 -0.8) (layer F.Fab) (width 0.1))
